82.45,+15.99,-1.54,10.04
12.17,+5.45,-0.77,49.08
28.79,+2.53,-4.10,15.90
97.18,+17.04,-0.39,11.64
790.05,+233.53,-53.95,24.54
60.55,+19.01,-0.18,19.53
13.30,+2.68,-1.28,11.63
23.46,+5.44,-0.44,18.26
211.38,+29.53,-4.52,14.82
35.85,+9.79,-0.07,23.64
429.80,+10.80,-275.27,9.85
107.68,+25.69,-1.04,17.13
14.62,+1.07,-22.27,N/A
2.48,+0.67,-5.73,N/A
56.78,+22.20,-0.15,11.79
8.22,+0.25,-1.91,37.14
111.57,+46.20,-0.53,19.61
44.59,+10.34,-2.68,21.49
38.59,+8.09,-0.21,30.83
263.13,+102.88,-2.44,19.15
28.58,+14.23,-1.10,22.56
88.89,+22.07,-0.57,17.34
14.84,+4.08,-4.02,16.57
54.66,+6.67,-8.26,8.90
37.22,+5.17,-6.21,29.81
119.94,+24.21,-1.62,9.08
45.88,+10.47,-0.06,18.82
28.73,+7.27,-0.03,20.09
18.43,+6.97,-0.74,21.52
68.24,+18.43,-0.02,28.80
30.67,+9.27,-0.21,15.79
96.44,+15.34,-0.16,18.49
60.67,+31.92,-9.85,9.58
9.06,+2.96,-0.32,10.51
59.46,+25.84,-0.36,19.31
97.18,+17.04,-0.39,11.64
23.11,+0.48,-6.29,18.55
44.75,+9.43,-0.91,14.01
58.34,+9.31,-1.00,10.54
56.05,+13.18,-1.73,12.16
31.54,+17.99,+7.50,18.93
22.62,+8.71,-2.46,N/A
20.60,+6.20,-4.13,7.32
6.86,+1.39,-0.29,10.95
